3.28153792251365
1.80999680892152
3.00700947822231
0.0240716313602386
-0.0869350489233171
3.58362942894293
0.121098974569852
1.52295454938321
0.982203560495786
1.94875119543507
0.629749465720589
1.14768759312332
-0.262564588549066
-0.223392201643374
0.346630971309116
2.2848643683037
0.863079299376538
3.82741964699003
1.74642325107684
-0.107566215888633
0.063438774292359
1.368613015048
2.0680569458571
0.590288217997808
-1.6732415364101
0.3545670802723
1.91585611380927
0.637817534831418
0.856192516520763
3.59183231158819
-0.370383676235076
1.98068198932738
0.970904694438415
0.547664287489624
-1.5611574943306
1.90437403483075
0.590681007074247
-0.942602347456924
1.54126728320675
1.26251122261185
0.449847094345859
0.0526690189911121
2.1676695518304
-0.300400286433539
2.79209666220423
0.0120378892082098
-1.03370958735532
-0.451907863791859
-0.224773217565831
-0.0452821620801809
-0.435217087825507
0.0187837241620466
0.800043207847042
3.84544695941769
3.29981218518984
0.772722476368308
-1.87912362097003
-1.17916956236783
1.08002934854141
0.65462101543581
4.57963082615128
0.783107110404133
0.870088103971089
0.177059790720313
2.72117457399322
1.63529153111075
0.442949809440076
0.330512326298006
3.28785302699967
0.442490470613053
-0.633905560898594
3.29071394139297
0.897308775484946
1.47990181757758
-1.52269090679913
-0.0690821270919017
2.65098563217242
1.1993135657375
1.59880188216092
0.137743878856926
-0.870091954470616
-0.158247839687509
-1.1850438429534
1.89074118219441
-0.719520598977525
0.0307499378987107
3.12442938934244
1.24499495720391
-0.036295483972332
0.635141580577266
-0.529673880068467
0.324160246825791
0.986791361147817
-0.521101990171988
1.49585354641417
-0.529402304114412
1.49870679367411
2.52294071386897
2.63964441364135
2.57839202850758
